23807310
23807310
25595652
28341320
32453350
1347730
23768753
3436255
17938
24636
13322
77177
12133
86919
37213
22887
20370
79408
89878
24708
18243
46262
45685
18471
46764
37570
10446
51380
21023
28659
26020
20476
17699
18261
13624
35826
12628
10218
24810
4773
27014
19448
47842
73438
58251
60547
33733
33819
38477
32602
31854
22196
18595
24685
43684
2246
61088
1158
3789
1175
1671
2177
6758
1167
19684
1991
1320
12418
6622
2015
3160
4631
1058
1741
3714
7819
5049
2819
3051
5089
2450
4639
1021
1163
3112
1208
2204
2473
1569
1059
3048
3694
2249
1180
1396
2111
4557
4456
2466
1095
2282
2228
1278
4521
2320
1204
2086
1855
2561
1042
2226
1873
5965
1161
1090
1243
2704
1924
1769
2581
3237
1032
1171
2130
3668
1393
3638
2568
2072
4492
4436
1224
2086
2830
1464
1887
6315
1506
1718
1131
1097
3385
4700
1243
1235
1597
1303
1027
1409
8108
1311
3197
2469
3854
1148
1829
2828
2542
2462
1799
2501
3196
9296
1234
2548
2831
3025
2858
3250
4800
2965
5733
1100
2355
2135
3083
1235
3047
3323
3318
1241
3598
4433
1606
2644
1062
4003
2829
2896
2951
2354
1225
4020
5845
4343
7406
3866
4760
4235
2610
3309
3445
3784
4187
3344
4995
2244
2456
4202
3619
6027
1168
15448
10473
13584
6380
7144
3856
10509
12088
1034
7023
1413
2046
14840
1142
1016
1111
1200
2856
3974
1072
2699
1178
2034
1141
1360
1736
1167
1248
1017
2115
1450
1147
1155
1347
1138
1351
1019
1363
1049
1193
1422
1168
1591
2295
1014
1523
1175
4335
1163
1332
3854
1230
1113
1066
1126
1199
3507
1327
2117
1038
1527
1981
1354
8451
2102
6771
3202
2360
1150
1100
1059
1560
1026
1128
1077
2032
1398
1129
1026
1075
1454
1159
1193
1178
1999
1023
4483
1917
1077
3128
1275
2543
1170
2043
1121
1465
1033
1210
1051
1153
1169
1178
1092
1278
1953
1054
1732
1085
3178
1177
2609
1138
1151
1572
2420
1119
1293
1102
4236
1288
1065
2023
1434
1250
1204
1092
4216
1614
1038
2942
1014
1076
1042
2384
1754
3468
3534
3037
3112
3139
4244
1162
1174
2480
1951
1205
1222
1064
1141
1384
1172
1065
1434
2731
1180
1027
2669
1058
1196
1216
1186
1924
2470
2069
2779
1084
1145
1970
1553
2041
1494
1190
1214
2085
2420
1138
1132
2011
1051
1177
1606
1081
1987
1066
1128
2090
1104
1018
1076
1046
2702
1210
1433
4114
1485
5147
1434
1741
1048
1450
1213
1068
1096
1314
1392
1014
1286
1245
1033
1043
2031
1095
1409
1521
1587
1056
1086
3080
1297
1061
1020
1238
2213
6163
1205
3919
1043
2356
1188
1391
3755
1077
1194
2053
1176
1325
2332
1263
1019
1073
1509
4349
1247
1221
1088
2326
1537
1311
2441
2523
2219
1155
1135
1224
1149
1139
1631
1241
1364
1239
1031
1098
3521
1209
1279
1090
3113
2059
1182
3119
1523
1145
2768
1361
2818
1061
1154
1256
1267
2237
1117
1345
1165
5737
3022
1040
1274
1951
1570
1038
1321
1175
1089
1319
4859
1089
2108
2059
2826
2067
1154
1929
1278
2374
2335
1183
1257
1131
3913
1173
1541
1042
1430
2940
2255
1148
4761
1310
2573
4278
2132
1629
1048
1038
1280
7654
1146
1632
1294
2001
1055
1896
1070
1750
1279
1057
2424
2838
1849
2621
1090
1123
1279
1014
1235
2918
3637
1392
1906
2218
1601
1131
2119
1316
1776
1048
1111
3917
1048
2579
1112
2382
2921
1172
2478
1306
1147
551
4432
6437
1369
1124
7476
1150
1039
1808
1252
1147
2519
1216
1241
1018
1174
1090
1321
1247
4836
1078
1104
1487
1093
1117
2023
1059
1269
1159
6152
2469
3112
1024
1293
1247
1226
5709
1867
2250
1035
2399
2056
1896
1021
1130
1503
1784
1141
2263
1025
1991
1262
1133
1958
3534
1798
1163
2681
2036
2974
1133
1076
3531
1558
2412
1091
5347
1062
2409
1035
1250
1350
9075
2000
3236
1927
2894
1035
2825
1193
1304
1387
1128
1055
1108
1756
1332
3543
1039
1019
1321
1119
1044
1200
1119
1188
1157
1328
1373
1949
1094
1102
1194
1287
5534
1018
1395
3242
4425
1132
1080
1201
1140
1017
1294
1251
1218
1122
1364
2830
1249
1154
5685
1356
1154
2127
1063
1219
1084
3477
1265
1395
2452
1282
2959
1052
1208
1219
1171
4795
4707
1426
3823
1212
1429
1059
1169
2132
1925
1169
2215
3763
2277
1793
2607
1166
2948
1707
1132
1207
5322
1067
1440
1203
1480
1121
2588
1340
4503
1036
2822
1102
1181
1101
1228
5403
5011
2771
1141
1097
1067
2552
1878
1302
1077
1240
1221
1083
1397
1045
1155
3326
1028
2358
1276
1130
1511
1194
2742
1084
1029
1954
1986
1200
1131
1823
2415
4194
2090
1031
1225
2465
1139
2722
2020
1178
1290
1941
1117
1201
2151
1481
1129
1184
1552
1103
3907
1240
1144
1349
1483
2549
2013
1163
1307
1286
1169
1078
1250
1224
2076
1029
1402
1204
1056
1029
1083
1149
1448
1442
3677
3430
2144
1208
2994
1131
1297
1057
3163
1242
2459
1097
1072
3097
1032
2337
1688
1206
1027
1470
2114
1291
2129
1034
1189
3510
1069
1223
2015
1094
4399
3009
1631
1563
3533
1130
2001
1221
4326
1277
2896
1354
1128
1465
3416
6071
1105
5179
1067
4364
1991
1399
6271
3761
1725
1144
1972
1486
1046
2460
2737
4839
1893
1120
1295
1074
4706
2235
1746
1122
1664
4092
2105
1103
1024
2260
1073
1034
1186
1088
2431
3602
2356
1931
1696
1842
2460
1242
2264
3259
1131
1156
1264
1123
4284
1442
2926
1042
2919
1044
1157
1267
1052
3668
1968
1386
1492
3739
2510
2980
1064
1267
4504
1256
1088
1167
2702
1101
3986
1062
1395
1662
1104
1208
1115
1206
1093
1241
3020
2499
1119
1513
1165
2374
4081
2636
2795
3275
1054
1217
1214
1119
1163
1162
2189
2151
1241
1350
2617
2088
2415
1116
2040
1292
2226
1219
3239
1553
1738
1820
1357
1181
1018
1056
1287
2156
1262
1045
1245
1159
1395
1192
1308
2032
1116
1197
1986
1575
2645
2919
1356
2317
1247
3184
2982
2168
1855
1540
2201
1277
1193
1646
2372
1236
1152
4926
1490
6373
7643
1098
1737
3341
1110
1182
10708
3020
3082
1290
1041
1138
1987
2687
4278
2405
1027
1104
1580
1914
2089
3390
2888
1617
1760
1956
2415
1241
1255
4014
1239
2919
1130
1650
2963
1243
1205
1825
1412
1547
1824
1368
1124
2891
3439
1424
1506
2840
1389
1357
1875
1212
1404
1894
1081
572
6043
3303
2608
4965
6782
4057
3764
3211
4527
5162
5059
3684
7213
2847
3802
5770
2964
6987
3300
2561
2780
2864
3124
4391
6117
6271
3649
3599
2616
2961
8048
2956
6076
2651
2594
3408
3214
3429
3230
5057
2448
3638
3692
3432
2262
3355
3264
3350
2543
2233
1961
3706
4845
2912
5063
2139
4764
4041
2146
5383
6628
1409
5391
4364
1403
1258
2452
1032
4010
1113
3300
1204
1229
3572
1573
2610
2299
6263
1755
1126
3955
1158
1428
2742
5125
5451
6848
6460
4427
2165
9989
3769
51258
1266
1091
1242
1635
1545
1124
1294
1061
1318
1046
1063
2113
2791
1119
1098
1161
2482
1586
2411
2121
1140
1094
1074
1128
1182
1142
2414
1207
2180
1058
1138
2245
1017
1333
2413
1025
2608
1477
1151
1054
1062
1024
1128
1425
1213
1987
1447
2500
4275
4529
1291
2411
3572
1115
1110
1227
1276
1076
2884
3169
2469
2184
5532
2324
1646
1328
1731
1735
2252
1274
2993
2816
2463
2104
1535
1816
1981
1017
1210
1561
2003
3037
1106
1063
2288
1472
1329
1893
1236
2624
1759
1580
2672
1995
1894
1972
2140
1989
1442
1595
1300
1867
1111
1460
2315
1430
2140
1923
1031
1893
2141
1201
2220
1136
3295
1945
1274
1912
1480
1070
2116
1025
1069
1969
2237
1926
2877
2114
1836
1210
2217
1930
1699
1344
1705
1664
1765
1035
1841
1372
1174
1260
1204
1952
1867
2023
1024
1678
1145
1098
1312
1020
2589
2140
1725
1332
8121
1865
1061
1256
1497
2256
1148
1092
1077
3247
2217
2322
2443
1597
1049
1313
2229
1372
1189
2302
1808
1852
2670
2189
1050
1471
2011
1658
1726
2532
1096
1239
1841
1031
1953
2224
2207
2675
1257
1244
1810
1809
1081
1889
1237
1032
2298
1254
1960
1399
2723
1426
1065
2638
2365
1249
1570
1036
1643
1566
1738
1471
1268
1545
1538
1915
2061
1088
1062
1054
2941
1121
1666
1866
2205
2336
1018
1940
1089
1254
1919
1763
2047
1050
1798
2018
2859
1404
2312
1051
2174
1919
1501
2456
1507
1340
2552
1353
1105
1041
1066
1398
1437
1441
1651
2123
1069
1769
1267
2393
2105
2913
1564
1495
1076
2194
1880
1394
1287
1578
1528
2907
1836
1988
1114
1254
1170
3568
1852
1146
1746
2419
1102
1199
1867
2732
1204
1144
1700
1179
1254
2005
1178
3937
5457
1026
1193
1284
2537
2121
1658
1709
1508
1107
1439
1269
1928
1357
1511
1964
1593
1702
1823
1343
1865
2959
2858
1056
2159
2316
1063
2352
1815
1129
3115
1040
1443
1028
3389
1112
1576
1958
2658
2786
1200
1065
1549
1769
1730
2800
2265
1227
1853
1225
1895
1176
2136
1077
2153
1044
1644
1792
1071
1301
2070
1199
2396
1326
2861
1450
1060
6353
3062
1092
3316
3522
1190
2850
2346
1193
2248
1529
1050
1276
2402
1216
1201
2127
1615
1150
2870
2313
5905
1251
2094
1116
1100
2812
1273
3895
1332
4402
1554
2318
1160
2880
2869
2385
4572
2086
1021
1281
3598
4034
2311
1285
1323
3251
1173
2347
1188
1199
1114
1176
2166
2109
1821
1174
1123
1228
1067
1224
1168
1085
5121
1420
2101
2668
1327
5625
1606
2444
2882
1287
1318
2494
1298
1311
4123
1149
1098
1379
1126
1576
1343
7001
1826
1657
2636
1196
2251
2705
1072
2720
1126
5455
1732
8736
2276
3971
2238
2409
5298
3627
4137
3777
2387
9486
4064
3098
2383
2855
3139
4063
3034
3648
3002
1892
2470
3163
2865
3962
2035
3517
3991
1961
3649
1940
4450
3792
1927
3823
2785
2358
2947
3104
2866
4940
4979
1927
3542
3242
1253
1201
1314
1115
1478
3254
2722
1301
1299
2851
1972
1149
1014
1170
2517
2504
1048
1773
2332
2834
3258
1063
2540
5168
1705
1033
1320
2797
1130
2553
1276
1159
1046
1077
1284
3337
1240
2184
1100
1504
1123
3116
1238
1157
1042
1798
1055
1141
1045
2031
1144
1207
1167
1462
1120
1087
1712
1734
3546
1074
1073
2595
1240
1640
1914
1789
1078
1170
1174
1132
1210
1163
3141
1070
3213
1023
1124
2473
1032
1181
1986
1287
1040
1411
1177
1068
1314
1181
2372
1234
1162
1070
2548
1077
1151
1373
1101
1339
1184
1191
1154
1089
3462
1378
1347
1082
1257
1056
1887
1286
1173
2936
1130
1350
1321
1705
2123
1112
1025
1023
3085
1023
3032
1104
1185
1025
1067
1246
1186
1658
3082
5509
2601
1259
2728
1042
1971
1147
1146
1072
1042
1125
1196
1300
1545
1459
1159
1400
1050
1137
1243
2234
1161
1712
2089
1155
1151
1447
3417
1475
1027
1197
1178
1086
1778
1156
1186
2260
1065
1358
1043
1052
1218
1401
2743
1293
5548
3760
3383
4250
4110
3235
2959
5461
5553
6482
19769
