55608
47995
231557
6857133
2658158
112329
36930
1866459
330963
33962
95233
53613
40508
9339
206203
1426890
38210
77290
5867141
100298
51748
68216
88038
118039
2916155
281521
89862
86100
40914
299390
119940
64241
24315
11499
28148
57527
75613
70266
41159
35610
64704
44982
646349
2152885
184989
205805
23732
36275
649336
60493
91803
135840
751311
165957
1690545
23173
27454
53591
48751
70227
67876
44086
803578
165776
118621
11250
59841
77444
142593
232865
16608
50942
35790
68983
67766
55093
369736
132077
34877
28926
41168
129553
38740
201596
34574
33203
63077
46216
41742
31360
10656
75715
26157
19281
4889
15441
77286
20128
34875
62764
19325
30684
4355
3470
6631
23271
8629
3023
7164970
14665078
5370126
560673
14666
676309
5403045
19812
1066280
1579434
301292
52509
832891
341748
9728872
1026166
2155019
10794
197797
43836
84463
24420
46790
153824
21203
43194
37781
1842262
127073
158538
87013
370324
23014
467346
137900
484337
402087
55776
1737607
116503
2404946
236640
45723
306594
76377
530355
3317792
51038
111735
9349
1060452
281532
44082
18872
178011
499271
1033298
3042515
455478
4278335
594864
49901
14958
645127
118137
205681
94037
420075
22801
843770
96687
89700
2808488
480746
7040193
38129
462781
54044
243661
59716
83592
88573
301252
115632
101523
74574
90447
64845
30823
2238597
17485
98949
23522
73811
193656
58021
50356
96709
24265
113856
62802
33205
8205
21859
22414
21954
24406
544663
62529
224050
2315949
6952
2809453
47543
1122616
41152
20756
137794
80369
4910
138594
92294
472306
106767
69700
47648
118770
57251
60841
58437
56950
79194
102738
14436
206789
197201
608753
7996
19566
87109
81296
233364
51283
158963
64760
46306
55185
131754
14886
60313
134819
77984
87802
28783
92606
168749
151034
61661
81585
16344
40467
36050
16952
33428
35363
25413
40547
43582
29805
11298
13422
102175
13196
7154
59226
10070
31848
35024
66157
56912
26444
7408
35685
26152
106023
68438
10899
